lable	W1_CLT_1	W1_CLT_2	W1_CLT_3	W1_CLT_4	W1_CLT_5	W1_DSS_1	W1_DSS_2	W1_DSS_3	W1_DSS_4	W1_DSS_5	W1_LbGP_1	W1_LbGP_2	W1_LbGP_3	W1_LbGP_4	W1_LbGP_5	W2_CLT_1	W2_CLT_2	W2_CLT_3	W2_CLT_4	W2_CLT_5	W2_DSS_1	W2_DSS_2	W2_DSS_3	W2_DSS_4	W2_DSS_5	W2_LbGP_1	W2_LbGP_2	W2_LbGP_3	W2_LbGP_4	W2_LbGP_5	W3_CLT_1	W3_CLT_2	W3_CLT_3	W3_CLT_4	W3_CLT_5	W3_DSS_1	W3_DSS_2	W3_DSS_3	W3_DSS_4	W3_DSS_5	W3_LbGP_1	W3_LbGP_2	W3_LbGP_3	W3_LbGP_4	W3_LbGP_5
W1_CLT_1	0	0.582045176843037	0.431988812122409	0.332242369754534	0.686930471124704	0.86161003182969	0.864824484454814	0.719496341037768	0.81518621501434	0.641087180519593	0.67764003996579	0.786632335334189	0.806566267755121	0.700789645274948	0.774285065171355	0.328497525772045	0.54834965033588	0.604478606604615	0.438813128207702	0.648232998594566	0.782718256321327	0.745626880524772	0.78160099931182	0.761834296198225	0.742979395140409	0.688214307033921	0.554799426405807	0.706890973620185	0.642816412844923	0.708561167686689	0.489872022873127	0.561340612378804	0.511637886745683	0.534494852243924	0.584850883576148	0.777168091223899	0.705873923528653	0.635902124563918	0.79859260618296	0.891404170859583	0.562163853837406	0.505353070535309	0.465766773220851	0.422101852183099	0.448987229793704
W1_CLT_2	0.582045176843037	0	0.539728821206442	0.735343632244753	0.433887278432077	0.893131844733511	0.916105543371241	0.869561556737356	0.902592880259291	0.837612381200296	0.830855751496581	0.796140550935196	0.889221495224509	0.802199835604956	0.888074945010215	0.621371517921779	0.46160507962904	0.722717787288862	0.582475729253149	0.71097218450485	0.947054132143705	0.907989879515548	0.9487268405162	0.924626846082082	0.852148250160056	0.763252508322116	0.682821192953181	0.723434990232744	0.75720480119613	0.69675874899282	0.544853709537352	0.656492564314563	0.708588903098124	0.539902605725004	0.739166202199667	0.823050753644033	0.648467011503559	0.592226457957752	0.815283040571709	0.924515515277138	0.665359279607788	0.657950964247639	0.687710426081645	0.683179299613682	0.634145921219393
W1_CLT_3	0.431988812122409	0.539728821206442	0	0.495400709724042	0.471389500926424	0.862176814440158	0.887585795620709	0.853864425072538	0.872217459864087	0.730060914846648	0.816308188781379	0.800865157835619	0.843976507801175	0.767902354443942	0.847606758381628	0.443775838875518	0.566967655176821	0.600342401989731	0.549973533008998	0.617124627835135	0.921021590789784	0.891509470919802	0.921310707147804	0.9091661849793	0.790961278672163	0.671348874887423	0.548400488712091	0.696779292741553	0.621410638890437	0.706138676403943	0.410132353455956	0.625942863438856	0.489646227655307	0.575182060883196	0.610100961949499	0.797529790864573	0.669073234819507	0.609825399985794	0.72409345139243	0.908081254358468	0.51794739487236	0.476807054007543	0.494876240204953	0.555061008809757	0.470879800749689
W1_CLT_4	0.332242369754534	0.735343632244753	0.495400709724042	0	0.731838137259878	0.85845961363068	0.852999252669707	0.704148790829759	0.801154186786475	0.576101446799055	0.722114946653793	0.739267744816937	0.791869088828945	0.694593883054059	0.767399300448733	0.374879772444697	0.720457522363398	0.552255376424699	0.543500004349996	0.535266002821278	0.77573802356735	0.731793828428045	0.784061309485825	0.755239119614455	0.714501897197981	0.627604587656273	0.513635008453707	0.745470507096735	0.58357510055568	0.75519060593431	0.515218864881145	0.639262840318911	0.454639978221985	0.677716523692517	0.571428653571466	0.80662013259581	0.714790105898393	0.705769460855823	0.727589110500424	0.88164102928718	0.586473813797109	0.529869563701085	0.515593656237461	0.433508980105382	0.503963277440546
W1_CLT_5	0.686930471124704	0.433887278432077	0.471389500926424	0.731838137259878	0	0.894036495761461	0.920581619423924	0.870855054816738	0.908299407423116	0.811216718262355	0.889885267336809	0.786812977769182	0.899370161257511	0.808974812865379	0.901019152387277	0.672160830833183	0.612855002907328	0.736708413366908	0.745971245867268	0.726149999461248	0.945844526983924	0.916085327412798	0.946871385218423	0.926302648208421	0.866188346547088	0.813201829726101	0.693100081256553	0.809632711467777	0.746215555342864	0.817478368058716	0.534787766698125	0.721366260743459	0.700599684251866	0.587326821916874	0.742232489159968	0.846547986956581	0.618147892533241	0.65905003158151	0.795962911434806	0.92917077795903	0.635558566355589	0.623836530819515	0.664913247640734	0.652775963401695	0.653126146937477
W1_DSS_1	0.86161003182969	0.893131844733511	0.862176814440158	0.85845961363068	0.894036495761461	0	0.49570290277931	0.785856484606596	0.468507850154977	0.687436621879435	0.652206446510839	0.616099888699528	0.672865181263761	0.546130721049215	0.630943015833986	0.866068029330341	0.875528936592018	0.754107811065148	0.866919167243695	0.805696372863857	0.82948077426298	0.771821688453494	0.820703904546594	0.780735373586742	0.792795201440959	0.777754617786926	0.820088310314571	0.787847499093724	0.851184292142115	0.806552403198091	0.874306896229206	0.875070443100697	0.874932723752018	0.885293216558796	0.891635872167282	0.771948363238846	0.873127001418567	0.847634433520423	0.893452743029648	0.808810043533185	0.842674689223138	0.877683139785345	0.862598077557105	0.836662506316061	0.845542832594867
W1_DSS_2	0.864824484454814	0.916105543371241	0.887585795620709	0.852999252669707	0.920581619423924	0.49570290277931	0	0.803351512301636	0.139001243994634	0.77157734718377	0.565657235656574	0.659129792278169	0.530306798485907	0.536503115619627	0.452645279477449	0.880110458038659	0.876319863499223	0.761262308378692	0.865619371343806	0.808609805741706	0.718520359926513	0.661207614754345	0.691981864620273	0.59787369788305	0.754585414414885	0.784834680758263	0.830942693780775	0.788053125953548	0.837058114232021	0.815699557098967	0.892024269509101	0.88614528	0.891179125721427	0.913443347541255	0.896133096243255	0.622606997547862	0.891598632357652	0.892210966526372	0.884325075951379	0.613831604899055	0.891352700321493	0.900837903722043	0.824169159009056	0.876579679524043	0.857254917843135
W1_DSS_3	0.719496341037768	0.869561556737356	0.853864425072538	0.704148790829759	0.870855054816738	0.785856484606596	0.803351512301636	0	0.744613033862679	0.574433843826879	0.627997776960402	0.548128352593587	0.636891707320255	0.557561407155964	0.613538277150751	0.748750229800037	0.885679273441875	0.785388726392759	0.844712221057557	0.788139126609392	0.418307254379946	0.373954460776599	0.327537637854784	0.439287425696194	0.607972057641258	0.756968058327665	0.731249383999803	0.672399148705943	0.692273875375315	0.724525013056999	0.881595158095104	0.86823410503552	0.819625747453219	0.886113828931059	0.810295024389827	0.802370611502171	0.801751807113866	0.854199189477051	0.774334704978122	0.830516141185483	0.807042884992777	0.830148867261164	0.826738702673869	0.716978565093569	0.742676671056845
W1_DSS_4	0.81518621501434	0.902592880259291	0.872217459864087	0.801154186786475	0.908299407423116	0.468507850154977	0.139001243994634	0.744613033862679	0	0.719641014107694	0.466713531306857	0.610872169270611	0.504556806155749	0.483198869176788	0.417502594749222	0.829397658385526	0.863223024634384	0.736754922392397	0.838717114350487	0.794696224208786	0.669006764403273	0.599369772334019	0.648625557310921	0.553269942299631	0.703399617538162	0.761180549262154	0.785962753912419	0.768952893935075	0.824298889327123	0.799674461164395	0.879279224144153	0.847798417515908	0.874050592746847	0.901700229659956	0.881994379501405	0.613744149822235	0.877909709068892	0.882938062677872	0.867250191684895	0.635344175974476	0.870787266572531	0.887450314890402	0.805867175327856	0.821845455143137	0.80474775667657
W1_DSS_5	0.641087180519593	0.837612381200296	0.730060914846648	0.576101446799055	0.811216718262355	0.687436621879435	0.77157734718377	0.574433843826879	0.719641014107694	0	0.603918948019595	0.547245428878135	0.762708604744865	0.589915801260526	0.741223750130413	0.628760611922414	0.854096668451148	0.729976090342948	0.738517413922239	0.731023769414169	0.665526424640821	0.621955434878214	0.684824746303504	0.67829541391477	0.587791922290869	0.668456278234903	0.660158268379924	0.696852504213125	0.654903601255658	0.716542461575258	0.822852804455536	0.819812910900933	0.74775657180454	0.842153601596834	0.726938242620236	0.686453247838665	0.756829399207349	0.813008007560958	0.737717452131525	0.737323304239399	0.720537727946228	0.764037558649765	0.736687764956011	0.657409303843513	0.636950457196437
W1_LbGP_1	0.67764003996579	0.830855751496581	0.816308188781379	0.722114946653793	0.889885267336809	0.652206446510839	0.565657235656574	0.627997776960402	0.466713531306857	0.603918948019595	0	0.543158539389393	0.525206005252064	0.430469652116837	0.504271007521353	0.693170085453607	0.782506680046926	0.76799828303995	0.760713747000151	0.783034795089559	0.584996349249821	0.519833528037453	0.581695419216807	0.508986585567883	0.653417363322829	0.677959433052979	0.736320366716887	0.682536054761959	0.821611655214274	0.712362937527411	0.81780019086902	0.772534201415764	0.861943003787437	0.821056091210891	0.85296291191296	0.642200383761889	0.856928252146075	0.807693657884419	0.860203462852188	0.692768282982502	0.823684804355048	0.867050840664745	0.773927765478556	0.740448412898651	0.743680811246079
W1_LbGP_2	0.786632335334189	0.796140550935196	0.800865157835619	0.739267744816937	0.786812977769182	0.616099888699528	0.659129792278169	0.548128352593587	0.610872169270611	0.547245428878135	0.543158539389393	0	0.506023490843294	0.374798922552283	0.520860715316197	0.75348056823092	0.83686942383309	0.599178035868488	0.795949520607574	0.635250812007366	0.674294871373075	0.614570046615846	0.683227979099661	0.631729621302983	0.602718508013595	0.648526896779888	0.659761904111904	0.643933119052311	0.671414873209833	0.67924256245302	0.774761547068963	0.824028274636041	0.750023226254067	0.815165626563922	0.70901102616704	0.742924321132105	0.761606932584798	0.771658743425116	0.718966319508537	0.785923596055729	0.736276021975137	0.767575810946976	0.728117519217627	0.730907295817553	0.658754100430162
W1_LbGP_3	0.806566267755121	0.889221495224509	0.843976507801175	0.791869088828945	0.899370161257511	0.672865181263761	0.530306798485907	0.636891707320255	0.504556806155749	0.762708604744865	0.525206005252064	0.506023490843294	0	0.324480351062358	0.13525291219455	0.815040335264117	0.839528330489616	0.686053795816137	0.812249301877506	0.747669597569912	0.418214593828676	0.433022284486004	0.452323408215153	0.401310317072071	0.642683488189106	0.763993041800345	0.775251675378353	0.655514002156068	0.839100995181965	0.702183909152871	0.836107138540177	0.815468029999999	0.839726219513761	0.882547985955495	0.843234649051262	0.65489639690207	0.856233103339442	0.861763602720449	0.835182014231371	0.689996609849779	0.837290485457403	0.831950605466911	0.747418686751419	0.819346761479915	0.806773834153273
W1_LbGP_4	0.700789645274948	0.802199835604956	0.767902354443942	0.694593883054059	0.808974812865379	0.546130721049215	0.536503115619627	0.557561407155964	0.483198869176788	0.589915801260526	0.430469652116837	0.374798922552283	0.324480351062358	0	0.291708098536485	0.707519394624033	0.77799842098093	0.649124005087599	0.749634052650038	0.709588114877108	0.527776047777919	0.46655240937389	0.52840269571288	0.483712158119303	0.572510749009759	0.67009874845556	0.66254664288013	0.604771617308116	0.775051615378354	0.655199063784309	0.76075718598107	0.736521585391365	0.799353747054933	0.820176914495577	0.802238974832077	0.620226229504986	0.784250231283716	0.765064564607244	0.817072556768517	0.68569530529207	0.732774862276445	0.781244029532055	0.695682093474969	0.671266460413982	0.672749051806747
W1_LbGP_5	0.774285065171355	0.888074945010215	0.847606758381628	0.767399300448733	0.901019152387277	0.630943015833986	0.452645279477449	0.613538277150751	0.417502594749222	0.741223750130413	0.504271007521353	0.520860715316197	0.13525291219455	0.291708098536485	0	0.78435773560342	0.835070212161309	0.692067689159966	0.809587702856188	0.752776468652825	0.397552610229074	0.406726766269065	0.425887721482245	0.339797316989862	0.619722346761126	0.767022262813776	0.773545925640694	0.657594104398526	0.838415015670909	0.711717901261662	0.842332771663125	0.81574397092128	0.836971999461323	0.882775396626899	0.849997441999181	0.628418169289543	0.858681284670321	0.860427283251275	0.854739805642197	0.663338399800306	0.839940816005919	0.844921209679515	0.745341127422223	0.788354927352143	0.798611956180447
W2_CLT_1	0.328497525772045	0.621371517921779	0.443775838875518	0.374879772444697	0.672160830833183	0.866068029330341	0.880110458038659	0.748750229800037	0.829397658385526	0.628760611922414	0.693170085453607	0.75348056823092	0.815040335264117	0.707519394624033	0.78435773560342	0	0.621876765374791	0.436597481541072	0.395827213749633	0.497197229887892	0.824025221369836	0.782644785004151	0.825188190385351	0.802103395262922	0.696573184763236	0.618193282363868	0.456431634730351	0.670055802768138	0.545873617042385	0.679351455109205	0.474873786318835	0.579290470550335	0.44379981586293	0.543315866775565	0.522039311205531	0.783479809173992	0.665252311207004	0.636681619152918	0.691121447567755	0.89096124527977	0.515712602107189	0.510324605958745	0.481475753331274	0.46232844890393	0.459206399743647
W2_CLT_2	0.54834965033588	0.46160507962904	0.566967655176821	0.720457522363398	0.612855002907328	0.875528936592018	0.876319863499223	0.885679273441875	0.863223024634384	0.854096668451148	0.782506680046926	0.83686942383309	0.839528330489616	0.77799842098093	0.835070212161309	0.621876765374791	0	0.731211385694064	0.55925804155614	0.696479511760242	0.91545446268183	0.886319698314127	0.914899831273582	0.897685602460476	0.82814986585129	0.723491453784442	0.620600334824016	0.695219555527795	0.769078431154607	0.668763962494415	0.550909172663628	0.602645096756809	0.703314375986272	0.560897381714752	0.763804524248342	0.797233029355813	0.747698204244886	0.574419156825391	0.819271928616711	0.903887138925708	0.684223138413927	0.694143962700485	0.604400401207928	0.678709143574183	0.57853857076955
W2_CLT_3	0.604478606604615	0.722717787288862	0.600342401989731	0.552255376424699	0.736708413366908	0.754107811065148	0.761262308378692	0.785388726392759	0.736754922392397	0.729976090342948	0.76799828303995	0.599178035868488	0.686053795816137	0.649124005087599	0.692067689159966	0.436597481541072	0.731211385694064	0	0.504294415042939	0.18800490811995	0.907597968583312	0.844539299895053	0.891456899457282	0.83023149726736	0.709832612122381	0.671975079840747	0.582578358766531	0.758386933556406	0.630023440561368	0.755128997961612	0.585364726219065	0.670787633415753	0.487652138363462	0.705595043710041	0.590482458716451	0.79880134	0.715660111806529	0.694506245703406	0.647979140638851	0.880700229859517	0.621092048418099	0.599786635939189	0.577624639063636	0.625805119160606	0.61735598017762
W2_CLT_4	0.438813128207702	0.582475729253149	0.549973533008998	0.543500004349996	0.745971245867268	0.866919167243695	0.865619371343806	0.844712221057557	0.838717114350487	0.738517413922239	0.760713747000151	0.795949520607574	0.812249301877506	0.749634052650038	0.809587702856188	0.395827213749633	0.55925804155614	0.504294415042939	0	0.539082447493613	0.892128776763863	0.857765954847343	0.893179322580307	0.87342633974481	0.732156198837353	0.652376548191972	0.575751036665228	0.622863903199759	0.674182502981938	0.599117298194193	0.525973779707768	0.556677878563415	0.576343549408583	0.541442201022586	0.583832525434137	0.798364542506991	0.700420760485277	0.646198648377222	0.729090689081876	0.891360614443863	0.624281654651563	0.639882839002926	0.619127789999996	0.684397096879421	0.609224462171841
W2_CLT_5	0.648232998594566	0.71097218450485	0.617124627835135	0.535266002821278	0.726149999461248	0.805696372863857	0.808609805741706	0.788139126609392	0.794696224208786	0.731023769414169	0.783034795089559	0.635250812007366	0.747669597569912	0.709588114877108	0.752776468652825	0.497197229887892	0.696479511760242	0.18800490811995	0.539082447493613	0	0.917110529171106	0.846809770595413	0.901293082079748	0.834031852321877	0.718540806440765	0.62895633357572	0.612088152417632	0.754860633482664	0.635228593460433	0.746545100829175	0.565115641732516	0.657162306279685	0.536354417681769	0.674581188847779	0.61799118426987	0.789131669586549	0.715976385621301	0.67359172038553	0.665079042103266	0.873924630888465	0.656676849045878	0.639976636201052	0.623612117527757	0.654949547890921	0.621812874511395
W2_DSS_1	0.782718256321327	0.947054132143705	0.921021590789784	0.77573802356735	0.945844526983924	0.82948077426298	0.718520359926513	0.418307254379946	0.669006764403273	0.665526424640821	0.584996349249821	0.674294871373075	0.418214593828676	0.527776047777919	0.397552610229074	0.824025221369836	0.91545446268183	0.907597968583312	0.892128776763863	0.917110529171106	0	0.149041867668558	0.153698078842452	0.224636246340445	0.592510414614428	0.835346661646532	0.842634083448746	0.696919670591303	0.86400493132249	0.742768601704546	0.921791237543362	0.884926005397039	0.909115597736037	0.889051483956367	0.833849179354951	0.627254742545097	0.85500250722574	0.886624381293022	0.839119337933949	0.610104589060986	0.870510467121925	0.880243383474231	0.85693936278999	0.805522386926866	0.848668132863209
W2_DSS_2	0.745626880524772	0.907989879515548	0.891509470919802	0.731793828428045	0.916085327412798	0.771821688453494	0.661207614754345	0.373954460776599	0.599369772334019	0.621955434878214	0.519833528037453	0.614570046615846	0.433022284486004	0.46655240937389	0.406726766269065	0.782644785004151	0.886319698314127	0.844539299895053	0.857765954847343	0.846809770595413	0.149041867668558	0	0.136083245979187	0.153754722324148	0.535908631768221	0.76678754646555	0.801961355539373	0.648575862971516	0.821063418844586	0.701512809250388	0.88900749446105	0.856527513716034	0.879105060328408	0.898834915836891	0.857371727163455	0.584301336003156	0.87485452749709	0.891529931931708	0.840838821832236	0.619972854604612	0.859368146408513	0.890768716723063	0.82880740058441	0.763025409571482	0.795300703691748
W2_DSS_3	0.78160099931182	0.9487268405162	0.921310707147804	0.784061309485825	0.946871385218423	0.820703904546594	0.691981864620273	0.327537637854784	0.648625557310921	0.684824746303504	0.581695419216807	0.683227979099661	0.452323408215153	0.52840269571288	0.425887721482245	0.825188190385351	0.914899831273582	0.891456899457282	0.893179322580307	0.901293082079748	0.153698078842452	0.136083245979187	0	0.189400254543938	0.617644397353341	0.835749196666527	0.851755138127354	0.70749022170039	0.873650938520661	0.759526074106634	0.923133493850681	0.886172633579074	0.914026268280527	0.927339844187188	0.880291536408746	0.654290828898388	0.902767473889303	0.925801852613684	0.885865649674933	0.643586011975219	0.894248421243117	0.901247412962578	0.854161710729193	0.812826923501253	0.855944060503494
W2_DSS_4	0.761834296198225	0.924626846082082	0.9091661849793	0.755239119614455	0.926302648208421	0.780735373586742	0.59787369788305	0.439287425696194	0.553269942299631	0.67829541391477	0.508986585567883	0.631729621302983	0.401310317072071	0.483712158119303	0.339797316989862	0.802103395262922	0.897685602460476	0.83023149726736	0.87342633974481	0.834031852321877	0.224636246340445	0.153754722324148	0.189400254543938	0	0.589705822823533	0.816302840516718	0.833105902435183	0.689331120679932	0.864792007550084	0.743640859735669	0.903808935571341	0.871937278814113	0.897935620814206	0.912170406825561	0.880767748076775	0.560497857678025	0.898500676955023	0.91500286849971	0.881734532470438	0.58079380707299	0.888645715633374	0.902564066102563	0.82280737848248	0.804257208128161	0.846387843764257
W2_DSS_5	0.742979395140409	0.852148250160056	0.790961278672163	0.714501897197981	0.866188346547088	0.792795201440959	0.754585414414885	0.607972057641258	0.703399617538162	0.587791922290869	0.653417363322829	0.602718508013595	0.642683488189106	0.572510749009759	0.619722346761126	0.696573184763236	0.82814986585129	0.709832612122381	0.732156198837353	0.718540806440765	0.592510414614428	0.535908631768221	0.617644397353341	0.589705822823533	0	0.65702020345126	0.658811522054319	0.561590377390845	0.586869323666875	0.548387799354794	0.790576969738472	0.807090756042747	0.708914567604623	0.827244978538796	0.701231903234061	0.577593605472991	0.772967102756053	0.810166861898331	0.602390959760901	0.657819773952614	0.718416614764178	0.761631559012101	0.69913993336669	0.715650379055885	0.684825361945404
W2_LbGP_1	0.688214307033921	0.763252508322116	0.671348874887423	0.627604587656273	0.813201829726101	0.777754617786926	0.784834680758263	0.756968058327665	0.761180549262154	0.668456278234903	0.677959433052979	0.648526896779888	0.763993041800345	0.67009874845556	0.767022262813776	0.618193282363868	0.723491453784442	0.671975079840747	0.652376548191972	0.62895633357572	0.835346661646532	0.76678754646555	0.835749196666527	0.816302840516718	0.65702020345126	0	0.407201423296257	0.60083401993745	0.404635699625818	0.629417196351529	0.64332254394951	0.664115130842004	0.734198063987028	0.750073068753289	0.719922651400386	0.702607734087289	0.730730510195212	0.685863604397959	0.712433904831999	0.803132962169762	0.660135284442504	0.729096337608738	0.697647602094095	0.658055125288818	0.558076731075085
W2_LbGP_2	0.554799426405807	0.682821192953181	0.548400488712091	0.513635008453707	0.693100081256553	0.820088310314571	0.830942693780775	0.731249383999803	0.785962753912419	0.660158268379924	0.736320366716887	0.659761904111904	0.775251675378353	0.66254664288013	0.773545925640694	0.456431634730351	0.620600334824016	0.582578358766531	0.575751036665228	0.612088152417632	0.842634083448746	0.801961355539373	0.851755138127354	0.833105902435183	0.658811522054319	0.407201423296257	0	0.606625689213463	0.366390159641163	0.626196607858987	0.561708354833554	0.672000354560081	0.56063958054857	0.675160653472197	0.588381821551913	0.733442274022875	0.65710189369442	0.609032371206492	0.641576325017727	0.850312415842163	0.520386135252131	0.580011182105536	0.505763752997153	0.48239733732608	0.403854817404755
W2_LbGP_3	0.706890973620185	0.723434990232744	0.696779292741553	0.745470507096735	0.809632711467777	0.787847499093724	0.788053125953548	0.672399148705943	0.768952893935075	0.696852504213125	0.682536054761959	0.643933119052311	0.655514002156068	0.604771617308116	0.657594104398526	0.670055802768138	0.695219555527795	0.758386933556406	0.622863903199759	0.754860633482664	0.696919670591303	0.648575862971516	0.70749022170039	0.689331120679932	0.561590377390845	0.60083401993745	0.606625689213463	0	0.68217625015755	0.184948173322667	0.746090791131777	0.735480256612993	0.765721672059286	0.71107096887484	0.687799956339985	0.685013504174391	0.774618038162147	0.690486639048663	0.709638307096382	0.76345055053802	0.723798793144147	0.766249283899828	0.759392846239103	0.750558584009743	0.663280180507972
W2_LbGP_4	0.642816412844923	0.75720480119613	0.621410638890437	0.58357510055568	0.746215555342864	0.851184292142115	0.837058114232021	0.692273875375315	0.824298889327123	0.654903601255658	0.821611655214274	0.671414873209833	0.839100995181965	0.775051615378354	0.838415015670909	0.545873617042385	0.769078431154607	0.630023440561368	0.674182502981938	0.635228593460433	0.86400493132249	0.821063418844586	0.873650938520661	0.864792007550084	0.586869323666875	0.404635699625818	0.366390159641163	0.68217625015755	0	0.683601849318469	0.692406147747445	0.818724176463972	0.520273620136806	0.735786522040453	0.573606102539113	0.73655047653083	0.674977216989979	0.783762692966435	0.604976243094769	0.828270947067736	0.552755539747999	0.584717863123038	0.564126602960136	0.573989832443132	0.491914929514893
W2_LbGP_5	0.708561167686689	0.69675874899282	0.706138676403943	0.75519060593431	0.817478368058716	0.806552403198091	0.815699557098967	0.724525013056999	0.799674461164395	0.716542461575258	0.712362937527411	0.67924256245302	0.702183909152871	0.655199063784309	0.711717901261662	0.679351455109205	0.668763962494415	0.755128997961612	0.599117298194193	0.746545100829175	0.742768601704546	0.701512809250388	0.759526074106634	0.743640859735669	0.548387799354794	0.629417196351529	0.626196607858987	0.184948173322667	0.683601849318469	0	0.742995027594179	0.721846658412201	0.749580833705989	0.703446151068617	0.68602512389289	0.704866757880643	0.748348528675685	0.636590360889821	0.686233484909142	0.778667182093258	0.699437721671495	0.750592076282563	0.748546429883715	0.756584651843706	0.666793691624114
W3_CLT_1	0.489872022873127	0.544853709537352	0.410132353455956	0.515218864881145	0.534787766698125	0.874306896229206	0.892024269509101	0.881595158095104	0.879279224144153	0.822852804455536	0.81780019086902	0.774761547068963	0.836107138540177	0.76075718598107	0.842332771663125	0.474873786318835	0.550909172663628	0.585364726219065	0.525973779707768	0.565115641732516	0.921791237543362	0.88900749446105	0.923133493850681	0.903808935571341	0.790576969738472	0.64332254394951	0.561708354833554	0.746090791131777	0.692406147747445	0.742995027594179	0	0.495144522038727	0.526567645892731	0.46026576632491	0.587975096949543	0.80439694532977	0.677921727272604	0.547551430461313	0.73946455613039	0.907654375224701	0.554400420000001	0.501252650450952	0.532768180115747	0.559037802037108	0.511934904641948
W3_CLT_2	0.561340612378804	0.656492564314563	0.625942863438856	0.639262840318911	0.721366260743459	0.875070443100697	0.88614528	0.86823410503552	0.847798417515908	0.819812910900933	0.772534201415764	0.824028274636041	0.815468029999999	0.736521585391365	0.81574397092128	0.579290470550335	0.602645096756809	0.670787633415753	0.556677878563415	0.657162306279685	0.884926005397039	0.856527513716034	0.886172633579074	0.871937278814113	0.807090756042747	0.664115130842004	0.672000354560081	0.735480256612993	0.818724176463972	0.721846658412201	0.495144522038727	0	0.659878928095763	0.556967677911931	0.710830986987394	0.810201476939555	0.766406795839829	0.610816500323445	0.774438685262525	0.893776842837979	0.711094898339412	0.701024714484629	0.663310736633106	0.675152631782052	0.632058529016294
W3_CLT_3	0.511637886745683	0.708588903098124	0.489646227655307	0.454639978221985	0.700599684251866	0.874932723752018	0.891179125721427	0.819625747453219	0.874050592746847	0.74775657180454	0.861943003787437	0.750023226254067	0.839726219513761	0.799353747054933	0.836971999461323	0.44379981586293	0.703314375986272	0.487652138363462	0.576343549408583	0.536354417681769	0.909115597736037	0.879105060328408	0.914026268280527	0.897935620814206	0.708914567604623	0.734198063987028	0.56063958054857	0.765721672059286	0.520273620136806	0.749580833705989	0.526567645892731	0.659878928095763	0	0.648541325901946	0.482389193660108	0.807331997109981	0.670132714338489	0.735771297723409	0.558948199126368	0.880125468012548	0.466567562005947	0.402699990809996	0.449581291113917	0.505706930496131	0.545110600940041
W3_CLT_4	0.534494852243924	0.539902605725004	0.575182060883196	0.677716523692517	0.587326821916874	0.885293216558796	0.913443347541255	0.886113828931059	0.901700229659956	0.842153601596834	0.821056091210891	0.815165626563922	0.882547985955495	0.820176914495577	0.882775396626899	0.543315866775565	0.560897381714752	0.705595043710041	0.541442201022586	0.674581188847779	0.889051483956367	0.898834915836891	0.927339844187188	0.912170406825561	0.827244978538796	0.750073068753289	0.675160653472197	0.71107096887484	0.735786522040453	0.703446151068617	0.46026576632491	0.556967677911931	0.648541325901946	0	0.536420885296773	0.818176326363224	0.600103380036182	0.572841266025077	0.76975092006762	0.874911509985843	0.629427370000001	0.612560630521827	0.672620393958853	0.660920721638624	0.640688970779327
W3_CLT_5	0.584850883576148	0.739166202199667	0.610100961949499	0.571428653571466	0.742232489159968	0.891635872167282	0.896133096243255	0.810295024389827	0.881994379501405	0.726938242620236	0.85296291191296	0.70901102616704	0.843234649051262	0.802238974832077	0.849997441999181	0.522039311205531	0.763804524248342	0.590482458716451	0.583832525434137	0.61799118426987	0.833849179354951	0.857371727163455	0.880291536408746	0.880767748076775	0.701231903234061	0.719922651400386	0.588381821551913	0.687799956339985	0.573606102539113	0.68602512389289	0.587975096949543	0.710830986987394	0.482389193660108	0.536420885296773	0	0.795972754899318	0.575971872791562	0.728399843827972	0.460328806826304	0.818947270084202	0.555495752225217	0.526342143166066	0.585801301243437	0.61296193293463	0.597871052170315
W3_DSS_1	0.777168091223899	0.823050753644033	0.797529790864573	0.80662013259581	0.846547986956581	0.771948363238846	0.622606997547862	0.802370611502171	0.613744149822235	0.686453247838665	0.642200383761889	0.742924321132105	0.65489639690207	0.620226229504986	0.628418169289543	0.783479809173992	0.797233029355813	0.79880134	0.798364542506991	0.789131669586549	0.627254742545097	0.584301336003156	0.654290828898388	0.560497857678025	0.577593605472991	0.702607734087289	0.733442274022875	0.685013504174391	0.73655047653083	0.704866757880643	0.80439694532977	0.810201476939555	0.807331997109981	0.818176326363224	0.795972754899318	0	0.793306259301218	0.789587236822232	0.762601062910719	0.263300373124414	0.771910320095423	0.81443048649493	0.714961692850382	0.752549942984489	0.709306133544888
W3_DSS_2	0.705873923528653	0.648467011503559	0.669073234819507	0.714790105898393	0.618147892533241	0.873127001418567	0.891598632357652	0.801751807113866	0.877909709068892	0.756829399207349	0.856928252146075	0.761606932584798	0.856233103339442	0.784250231283716	0.858681284670321	0.665252311207004	0.747698204244886	0.715660111806529	0.700420760485277	0.715976385621301	0.85500250722574	0.87485452749709	0.902767473889303	0.898500676955023	0.772967102756053	0.730730510195212	0.65710189369442	0.774618038162147	0.674977216989979	0.748348528675685	0.677921727272604	0.766406795839829	0.670132714338489	0.600103380036182	0.575971872791562	0.793306259301218	0	0.586532928653291	0.622149246221489	0.84683716387349	0.529454626465446	0.54309196034207	0.630690572133001	0.608563527982035	0.607403978889401
W3_DSS_3	0.635902124563918	0.592226457957752	0.609825399985794	0.705769460855823	0.65905003158151	0.847634433520423	0.892210966526372	0.854199189477051	0.882938062677872	0.813008007560958	0.807693657884419	0.771658743425116	0.861763602720449	0.765064564607244	0.860427283251275	0.636681619152918	0.574419156825391	0.694506245703406	0.646198648377222	0.67359172038553	0.886624381293022	0.891529931931708	0.925801852613684	0.91500286849971	0.810166861898331	0.685863604397959	0.609032371206492	0.690486639048663	0.783762692966435	0.636590360889821	0.547551430461313	0.610816500323445	0.735771297723409	0.572841266025077	0.728399843827972	0.789587236822232	0.586532928653291	0	0.728395092592586	0.867856611892904	0.630384602403852	0.648814691369616	0.627700399739553	0.639663349287214	0.553321135070077
W3_DSS_4	0.79859260618296	0.815283040571709	0.72409345139243	0.727589110500424	0.795962911434806	0.893452743029648	0.884325075951379	0.774334704978122	0.867250191684895	0.737717452131525	0.860203462852188	0.718966319508537	0.835182014231371	0.817072556768517	0.854739805642197	0.691121447567755	0.819271928616711	0.647979140638851	0.729090689081876	0.665079042103266	0.839119337933949	0.840838821832236	0.885865649674933	0.881734532470438	0.602390959760901	0.712433904831999	0.641576325017727	0.709638307096382	0.604976243094769	0.686233484909142	0.73946455613039	0.774438685262525	0.558948199126368	0.76975092006762	0.460328806826304	0.762601062910719	0.622149246221489	0.728395092592586	0	0.788976557984221	0.604081154612408	0.616816292336325	0.643699023966454	0.718175200952927	0.641539762630284
W3_DSS_5	0.891404170859583	0.924515515277138	0.908081254358468	0.88164102928718	0.92917077795903	0.808810043533185	0.613831604899055	0.830516141185483	0.635344175974476	0.737323304239399	0.692768282982502	0.785923596055729	0.689996609849779	0.68569530529207	0.663338399800306	0.89096124527977	0.903887138925708	0.880700229859517	0.891360614443863	0.873924630888465	0.610104589060986	0.619972854604612	0.643586011975219	0.58079380707299	0.657819773952614	0.803132962169762	0.850312415842163	0.76345055053802	0.828270947067736	0.778667182093258	0.907654375224701	0.893776842837979	0.880125468012548	0.874911509985843	0.818947270084202	0.263300373124414	0.84683716387349	0.867856611892904	0.788976557984221	0	0.855538864782952	0.871865513593278	0.812473345935502	0.855229870188217	0.825414859358948
W3_LbGP_1	0.562163853837406	0.665359279607788	0.51794739487236	0.586473813797109	0.635558566355589	0.842674689223138	0.891352700321493	0.807042884992777	0.870787266572531	0.720537727946228	0.823684804355048	0.736276021975137	0.837290485457403	0.732774862276445	0.839940816005919	0.515712602107189	0.684223138413927	0.621092048418099	0.624281654651563	0.656676849045878	0.870510467121925	0.859368146408513	0.894248421243117	0.888645715633374	0.718416614764178	0.660135284442504	0.520386135252131	0.723798793144147	0.552755539747999	0.699437721671495	0.554400420000001	0.711094898339412	0.466567562005947	0.629427370000001	0.555495752225217	0.771910320095423	0.529454626465446	0.630384602403852	0.604081154612408	0.855538864782952	0	0.278094459409607	0.403502230702314	0.445535156236542	0.449310545344727
W3_LbGP_2	0.505353070535309	0.657950964247639	0.476807054007543	0.529869563701085	0.623836530819515	0.877683139785345	0.900837903722043	0.830148867261164	0.887450314890402	0.764037558649765	0.867050840664745	0.767575810946976	0.831950605466911	0.781244029532055	0.844921209679515	0.510324605958745	0.694143962700485	0.599786635939189	0.639882839002926	0.639976636201052	0.880243383474231	0.890768716723063	0.901247412962578	0.902564066102563	0.761631559012101	0.729096337608738	0.580011182105536	0.766249283899828	0.584717863123038	0.750592076282563	0.501252650450952	0.701024714484629	0.402699990809996	0.612560630521827	0.526342143166066	0.81443048649493	0.54309196034207	0.648814691369616	0.616816292336325	0.871865513593278	0.278094459409607	0	0.380835369729728	0.398703804384302	0.486970711824098
W3_LbGP_3	0.465766773220851	0.687710426081645	0.494876240204953	0.515593656237461	0.664913247640734	0.862598077557105	0.824169159009056	0.826738702673869	0.805867175327856	0.736687764956011	0.773927765478556	0.728117519217627	0.747418686751419	0.695682093474969	0.745341127422223	0.481475753331274	0.604400401207928	0.577624639063636	0.619127789999996	0.623612117527757	0.85693936278999	0.82880740058441	0.854161710729193	0.82280737848248	0.69913993336669	0.697647602094095	0.505763752997153	0.759392846239103	0.564126602960136	0.748546429883715	0.532768180115747	0.663310736633106	0.449581291113917	0.672620393958853	0.585801301243437	0.714961692850382	0.630690572133001	0.627700399739553	0.643699023966454	0.812473345935502	0.403502230702314	0.380835369729728	0	0.392150346075168	0.317085088535216
W3_LbGP_4	0.422101852183099	0.683179299613682	0.555061008809757	0.433508980105382	0.652775963401695	0.836662506316061	0.876579679524043	0.716978565093569	0.821845455143137	0.657409303843513	0.740448412898651	0.730907295817553	0.819346761479915	0.671266460413982	0.788354927352143	0.46232844890393	0.678709143574183	0.625805119160606	0.684397096879421	0.654949547890921	0.805522386926866	0.763025409571482	0.812826923501253	0.804257208128161	0.715650379055885	0.658055125288818	0.48239733732608	0.750558584009743	0.573989832443132	0.756584651843706	0.559037802037108	0.675152631782052	0.505706930496131	0.660920721638624	0.61296193293463	0.752549942984489	0.608563527982035	0.639663349287214	0.718175200952927	0.855229870188217	0.445535156236542	0.398703804384302	0.392150346075168	0	0.344629004293458
W3_LbGP_5	0.448987229793704	0.634145921219393	0.470879800749689	0.503963277440546	0.653126146937477	0.845542832594867	0.857254917843135	0.742676671056845	0.80474775667657	0.636950457196437	0.743680811246079	0.658754100430162	0.806773834153273	0.672749051806747	0.798611956180447	0.459206399743647	0.57853857076955	0.61735598017762	0.609224462171841	0.621812874511395	0.848668132863209	0.795300703691748	0.855944060503494	0.846387843764257	0.684825361945404	0.558076731075085	0.403854817404755	0.663280180507972	0.491914929514893	0.666793691624114	0.511934904641948	0.632058529016294	0.545110600940041	0.640688970779327	0.597871052170315	0.709306133544888	0.607403978889401	0.553321135070077	0.641539762630284	0.825414859358948	0.449310545344727	0.486970711824098	0.317085088535216	0.344629004293458	0
